3 0.360360 0.798678 0.392793 0.337740
3 0.154054 0.718750 0.077478 0.110576
3 0.277477 0.456130 0.109909 0.207933
3 0.328378 0.340745 0.027928 0.061298
3 0.329730 0.399640 0.027027 0.044471
3 0.409910 0.774639 0.091892 0.145433
3 0.285585 0.441707 0.118919 0.277644
3 0.672522 0.370793 0.653153 0.474760
3 0.083784 0.725361 0.162162 0.215145
3 0.187838 0.753606 0.303604 0.250000
3 0.368919 0.256611 0.737838 0.513221
3 0.827027 0.073918 0.207208 0.116587
3 0.017117 0.810096 0.023424 0.048077
3 0.062162 0.843750 0.043243 0.069712
3 0.248648 0.908053 0.046847 0.063702
3 0.527928 0.902043 0.054054 0.063702
3 0.508108 0.358774 0.261262 0.330528
